#
Wood2Support
1
4320 1110 12011 5526 8869 0 3877 1994 100 5187 1607
4480 1202 12011 5526 8684 0 4046 2067 100 5347 1699
4702 1329 12011 5526 8428 0 4281 2168 100 5569 1827
4977 1486 12011 5526 8112 0 4572 2293 100 5843 1984
5297 1669 12011 5526 7743 0 4911 2439 100 6163 2167
5655 1874 12011 5526 7330 0 5290 2602 100 6521 2372
6046 2098 12011 5526 6880 0 5703 2780 100 6912 2596
6465 2338 12011 5526 6397 0 6145 2971 100 7331 2836
6907 2591 12011 5526 5888 0 6612 3173 100 7773 3089
7369 2855 12011 5526 5356 0 7100 3384 100 8235 3354
7848 3129 12011 5526 4804 0 7606 3603 100 8714 3628
8341 3411 12011 5526 4236 0 8127 3829 100 9207 3910
8846 3700 12011 5526 3654 0 8661 4061 100 9711 4200
9361 3995 12011 5526 3060 0 9206 4298 100 10226 4495
9885 4295 12011 5526 2457 0 9760 4539 100 10749 4796
10417 4600 12011 5526 1843 0 10322 4783 100 11281 5103
10954 4909 12011 5526 1224 0 10891 5030 100 11817 5414
11496 5222 10525 6988 2015 0 11465 5280 100 10770 5909
12022 5562 10525 6988 2067 0 11990 5525 100 11101 5951
12509 5942 10525 6988 2243 0 12461 5776 97 11513 6028
12933 6361 10525 6988 2488 0 12882 6087 94 11947 6196
13273 6808 10525 6988 2754 0 13229 6450 93 12340 6451
13514 7267 10525 6988 3002 0 13483 6849 93 12648 6768
13649 7719 10525 6988 3208 0 13631 7262 95 12852 7116
13676 8141 10525 6988 3355 0 13669 7663 97 12943 7461
13601 8509 10525 6988 3432 0 13603 8024 100 12923 7775
13440 8800 10525 6988 3432 0 13449 8320 100 12804 8029
13218 8996 10525 6988 3359 0 13227 8531 100 12608 8205
12964 9088 10525 6988 3218 0 12951 8659 100 12361 8291
12688 9086 10525 6988 3013 0 12635 8711 100 12085 8289
12394 9005 10525 6988 2750 0 12290 8692 100 11800 8201
12085 8857 10525 6988 2434 0 11925 8607 100 11513 8038
11765 8649 10525 6988 2073 0 11550 8459 100 11225 7808
11439 8389 10525 6988 1673 0 11174 8252 100 10948 7519
11113 8081 10525 6988 1241 0 10809 7988 100 10697 7172
10794 7729 10525 6988 788 0 10473 7668 100 10527 6766
10497 7334 4009 1507 8721 0 10192 7296 100 9728 6696
10190 6915 4009 1507 8213 0 9926 6884 100 9410 6291
9851 6497 4009 1507 7683 0 9644 6451 100 9068 5876
9485 6080 4009 1507 7134 0 9330 6017 100 8698 5464
9095 5664 4009 1507 6569 0 8987 5584 100 8305 5052
8685 5250 4009 1507 5990 0 8619 5154 100 7891 4644
8258 4837 4009 1507 5398 0 8228 4727 100 7459 4237
7815 4427 4009 1507 4797 0 7817 4304 100 7011 3834
7359 4020 4009 1507 4188 0 7387 3886 100 6549 3434
6890 3615 4009 1507 3570 0 6940 3473 100 6074 3038
6410 3214 4009 1507 2946 0 6478 3067 100 5587 2648
5921 2817 4009 1507 2318 0 6001 2670 100 5087 2266
5423 2425 4009 1507 1686 0 5510 2283 100 4575 1896
4915 2039 4009 1507 1051 0 5004 1908 100 4041 1554
4397 1662 12011 5526 8538 0 4482 1553 73 5217 2234
3885 1328 12011 5526 9146 0 3989 1248 72 4733 1857
3380 1054 12011 5526 9721 0 3522 1001 70 4268 1513
2888 851 12011 5526 10251 0 3084 819 71 3804 1250
2418 727 12011 5526 10726 0 2680 702 74 3379 1001
1983 687 12011 5526 11134 0 2318 649 78 2976 798
1599 730 12011 5526 11463 0 2004 705 82 2595 643
1283 847 12011 5526 11704 0 1762 849 88 2280 784
1052 1026 12011 5526 11847 0 1610 1056 95 2051 998
921 1247 12011 5526 11887 0 1558 1295 100 1920 1267
897 1483 12011 5526 11827 0 1607 1536 100 1893 1567
975 1702 12011 5526 11680 0 1741 1776 100 1963 1855
1140 1903 12011 5526 11459 0 1949 2013 100 2118 2110
1378 2095 12011 5526 11173 0 2219 2247 100 2349 2331
1677 2281 12011 5526 10832 0 2543 2477 100 2644 2532
2028 2463 12011 5526 10442 0 2913 2703 100 2993 2721
2423 2643 12011 5526 10012 0 3323 2924 100 3388 2904
2855 2821 12011 5526 9547 0 3767 3140 100 3819 3084
3317 2998 12011 5526 9054 0 4240 3351 100 4281 3261
3806 3174 12011 5526 8535 0 4738 3557 100 4770 3436
4318 3349 12011 5526 7995 0 5258 3758 100 5283 3610
4850 3523 12011 5526 7436 0 5796 3953 100 5815 3784
5398 3696 12011 5526 6862 0 6350 4144 100 6363 3955
5960 3869 12011 5526 6274 0 6917 4329 100 6926 4127
6534 4041 12011 5526 5675 0 7496 4509 100 7500 4297
7118 4213 12011 5526 5066 0 8086 4683 100 8085 4467
7711 4383 12011 5526 4449 0 8685 4851 100 8678 4636
8311 4552 12011 5526 3826 0 9291 5013 100 9278 4803
8917 4720 12011 5526 3197 0 9904 5169 100 9885 4969
9528 4887 12011 5526 2564 0 10524 5318 100 10497 5133
10144 5053 12011 5526 1926 0 11149 5458 100 11114 5295
10764 5217 12011 5526 1285 0 11780 5584 100 11735 5454
11388 5380 12011 5526 640 0 12362 5709 100 12362 5603
12015 5540 10525 6988 2078 0 12894 5847 94 11075 5880
12629 5724 10525 6988 2454 0 13372 6007 89 11633 5803
13209 5947 10525 6988 2879 0 13790 6191 87 12216 5837
13735 6216 10525 6988 3302 0 14137 6447 86 12767 5969
14190 6530 10525 6988 3694 0 14394 6756 87 13254 6180
